[user_bg4.jpg]
filters=autocolor=1;autolight=1;Vignette=1,47.953217,1.000000,0.000000,00000000;Soften=1,90.058479,33.918129;
moddate=0e5152419722d401
width=626
height=417
textactive=0
